width= 10 
height= 32

1 1 1 1 32 32 1 1 1 1 
1 1 1 1 32 32 1 1 1 1 
1 1 1 1 32 32 1 1 1 1 
1 1 1 1 32 32 1 1 1 1 
1 1 1 1 32 32 1 1 1 1 
1 1 1 1 32 32 1 1 1 1 
1 1 1 1 32 32 1 1 1 1 
1 1 1 1 32 32 1 1 1 1 
1 1 1 1 32 32 1 1 1 1 
1 1 1 1 32 32 1 1 1 1 
1 1 1 1 32 32 1 1 1 1 
1 1 1 1 32 32 1 1 1 1 
1 1 1 1 32 32 1 1 1 1 
1 1 1 1 32 32 1 1 1 1 
1 1 1 1 32 32 1 1 1 1 
1 1 1 1 32 32 1 1 1 1 
1 1 1 1 32 32 1 1 1 1 
1 1 1 1 32 32 1 1 1 1 
1 1 1 1 32 32 1 1 1 1 
1 1 1 1 32 32 1 1 1 1 
1 1 1 1 32 32 1 1 1 1 
1 1 1 1 32 32 1 1 1 1 
1 1 1 1 32 32 1 1 1 1 
1 1 1 1 32 32 1 1 1 1 
1 1 1 1 32 32 1 1 1 1 
1 1 1 1 32 32 1 1 1 1 
1 1 1 1 32 32 1 1 1 1 
1 1 1 1 32 32 1 1 1 1 
1 1 1 1 32 32 1 1 1 1 
1 1 1 1 32 32 1 1 1 1 
1 1 1 1 32 32 1 1 1 1 
27 27 27 27 32 32 27 27 27 27
